----------
6 1
0 2
25 20
9
20 26
20 29
16 10
2 24
21 28
1 15
----------
6 2
2 18
26 21
6
16 11
5 5
17 7
7 13
10 10
18 0
----------
6 3
2 12
25 26
9
25 14
17 19
23 13
16 9
14 5
19 11
----------
6 4
4 28
25 13
6
22 8
4 22
25 25
24 10
17 28
16 15
----------
6 5
4 10
26 25
9
5 22
18 27
21 16
11 18
24 15
25 22
----------
6 6
3 5
25 10
6
11 27
22 9
23 29
25 12
12 6
14 14
----------
6 7
3 22
26 25
6
3 3
12 23
17 7
24 1
21 10
9 15
----------
6 8
2 12
27 17
9
26 0
19 17
8 4
15 21
8 5
27 19
----------
6 9
1 26
27 20
6
11 9
15 12
20 18
14 25
17 17
2 16
----------
6 10
0 19
28 11
6
7 27
5 24
17 1
24 28
1 22
21 13
----------
6 11
4 21
29 14
6
22 27
21 14
23 6
5 22
14 2
5 1
----------
6 12
0 28
27 6
6
4 2
26 14
26 8
1 2
0 20
0 13
----------
6 13
3 0
26 6
6
6 18
22 21
10 26
6 23
15 4
15 11
----------
6 14
4 17
28 10
6
15 12
26 11
15 8
10 28
8 3
15 17
----------
6 15
1 15
26 24
6
25 19
15 27
23 6
26 19
6 1
24 12
----------
6 16
2 0
25 16
9
4 1
8 2
25 12
20 9
15 8
12 16
----------
6 17
2 18
28 17
9
25 2
11 1
28 14
4 18
21 18
17 13
----------
6 18
3 5
25 2
6
6 29
13 24
23 12
23 11
21 15
6 11
----------
6 19
4 28
27 18
6
12 7
22 20
17 18
5 24
6 9
24 24
----------
6 20
1 16
26 2
6
13 17
20 26
10 1
8 14
7 13
7 9
----------
7 1
1 21
28 25
9
9 5
5 19
6 14
27 9
23 26
20 7
11 5
----------
7 2
4 25
28 16
6
6 23
4 22
11 29
8 4
15 26
27 1
11 21
----------
7 3
4 14
29 27
9
13 23
28 5
9 26
21 17
26 10
25 21
24 17
----------
7 4
0 10
29 21
6
17 27
25 13
10 15
4 16
6 2
6 22
19 6
----------
7 5
0 19
26 23
6
14 16
13 28
19 2
0 26
25 23
20 7
6 22
----------
7 6
0 26
26 28
6
0 28
20 28
1 10
5 20
20 2
10 13
9 24
----------
7 7
3 5
25 9
4
23 14
25 3
24 12
14 20
18 9
14 0
6 4
----------
7 8
4 3
25 0
4
7 26
20 27
24 2
20 24
7 20
24 21
6 24
----------
7 9
2 9
27 12
9
25 20
10 10
23 0
26 5
10 1
25 29
27 5
----------
7 10
1 4
26 29
12
12 6
16 21
6 9
4 17
22 18
9 29
4 22
----------
7 11
2 12
26 9
4
8 28
23 2
9 11
24 0
16 26
17 14
20 9
----------
7 12
4 21
26 16
6
11 2
4 5
17 9
15 19
12 14
22 18
10 0
----------
7 13
0 29
25 17
6
22 19
14 5
12 26
3 18
24 3
17 15
13 20
----------
7 14
0 20
26 17
9
15 20
10 22
24 29
12 21
10 18
5 5
18 12
----------
7 15
2 22
29 3
9
8 19
27 17
12 19
3 8
14 5
23 16
18 1
----------
7 16
1 2
29 21
9
7 6
23 17
7 1
11 22
8 21
2 13
23 28
----------
7 17
4 16
28 5
6
24 10
16 26
20 26
26 29
22 28
15 1
13 24
----------
7 18
1 14
27 19
9
4 7
6 13
15 9
11 12
7 10
8 28
14 14
----------
7 19
2 25
26 4
9
26 7
11 28
11 0
18 25
8 15
8 29
6 3
----------
7 20
2 11
27 10
9
2 10
3 3
10 0
2 27
26 8
6 2
20 25
----------
8 1
0 21
27 9
6
27 4
11 7
25 19
12 5
1 10
18 1
17 29
24 11
----------
8 2
2 10
25 2
6
5 23
16 18
18 11
7 21
7 16
5 27
6 21
12 25
----------
8 3
2 11
28 0
6
21 6
18 20
23 7
9 9
25 25
18 25
5 24
16 5
----------
8 4
3 6
28 9
6
26 17
16 14
6 9
26 18
21 25
21 3
8 1
23 22
----------
8 5
4 2
25 1
6
19 1
4 7
20 15
17 6
22 23
8 23
13 0
20 9
----------
8 6
0 19
25 13
6
9 20
3 1
10 9
13 11
7 2
12 26
17 24
3 5
----------
8 7
0 17
26 16
9
7 14
23 4
0 19
21 1
17 13
2 12
10 13
11 25
----------
8 8
4 1
28 12
9
28 1
15 26
14 23
16 16
16 4
18 28
24 21
8 11
----------
8 9
4 4
27 22
9
13 25
19 18
9 15
11 24
15 19
14 26
16 14
19 5
----------
8 10
1 24
25 6
9
16 2
6 21
11 4
9 16
20 17
12 10
7 14
18 15
----------
8 11
1 3
29 6
6
24 26
25 11
22 0
25 29
12 27
21 23
12 3
1 12
----------
8 12
3 16
27 16
6
11 7
23 19
4 14
6 9
27 26
23 3
11 21
12 4
----------
8 13
3 21
26 13
6
12 15
4 19
11 13
26 22
20 3
4 1
12 9
13 10
----------
8 14
2 17
27 28
6
23 2
19 12
10 19
17 26
2 11
22 0
8 20
11 3
----------
8 15
4 26
28 1
6
27 4
24 24
28 19
19 22
7 14
25 16
10 28
11 6
----------
8 16
4 11
27 16
6
19 23
10 11
5 25
12 19
14 3
16 2
25 27
14 25
----------
8 17
2 1
29 0
9
16 9
11 23
16 7
2 26
21 9
10 7
24 19
15 10
----------
8 18
0 8
27 24
6
24 7
12 8
3 26
14 8
22 17
4 11
4 26
10 21
----------
8 19
1 7
29 16
6
25 16
22 1
23 19
7 29
29 17
17 3
25 13
26 27
----------
8 20
4 0
28 10
6
9 14
6 28
11 12
28 3
5 12
5 6
22 26
7 17
----------
9 1
2 12
25 17
4
19 23
16 18
18 2
6 15
3 4
10 11
9 24
21 1
4 2
----------
9 2
0 19
29 4
6
24 21
16 4
17 26
26 1
21 15
3 18
10 27
3 9
5 1
----------
9 3
2 17
29 17
6
12 23
26 25
19 19
25 20
20 22
24 15
18 28
23 8
16 24
----------
9 4
4 1
25 15
6
8 8
20 1
15 3
9 22
18 10
11 9
7 3
19 23
9 17
----------
9 5
0 10
29 8
6
11 23
17 4
13 22
27 13
26 15
5 7
12 24
22 24
7 6
----------
9 6
1 24
27 20
9
16 28
7 21
19 0
23 11
24 19
3 24
19 16
25 3
9 26
----------
9 7
0 13
25 18
9
2 6
1 16
3 12
7 28
18 28
0 26
19 12
24 28
12 12
----------
9 8
0 17
27 26
9
15 18
4 0
5 3
19 29
1 6
13 16
12 11
16 14
13 8
----------
9 9
1 19
25 16
4
14 2
2 26
9 27
13 7
14 18
2 11
23 11
9 0
5 3
----------
9 10
3 24
26 12
9
15 10
24 4
25 24
7 12
11 12
15 11
14 20
4 15
11 23
----------
9 11
4 0
25 28
12
7 29
19 27
10 18
10 2
13 6
6 24
21 23
16 0
5 14
----------
9 12
2 29
29 26
9
27 3
25 17
29 24
14 21
5 9
20 15
5 8
29 16
29 1
----------
9 13
1 2
27 1
9
6 20
8 1
15 3
22 7
3 0
15 9
23 25
5 22
8 12
----------
9 14
3 24
25 9
9
4 22
21 14
10 14
16 6
19 22
8 6
5 23
25 7
5 10
----------
9 15
1 1
25 5
6
18 21
8 29
6 16
2 9
9 6
15 25
11 23
13 4
20 9
----------
9 16
4 27
29 2
8
7 21
7 25
28 9
19 24
17 24
8 7
27 0
16 0
22 15
----------
9 17
1 5
25 27
6
3 5
15 29
3 18
19 23
9 9
18 17
14 2
9 3
13 14
----------
9 18
4 0
26 25
6
16 26
22 13
4 29
7 21
6 14
4 8
17 1
21 2
20 7
----------
9 19
4 29
28 7
9
17 24
4 9
9 27
13 11
8 5
9 20
21 0
13 6
21 6
----------
9 20
2 11
29 10
9
10 21
19 10
16 16
3 6
24 7
20 17
22 14
28 10
19 22
----------
10 1
2 2
25 20
6
10 10
9 4
24 15
10 18
10 15
13 13
25 5
16 8
12 17
18 23
----------
10 2
1 19
29 0
6
23 19
12 3
2 12
5 0
1 14
27 28
2 6
17 3
16 15
3 29
----------
10 3
4 10
26 11
6
17 13
5 20
17 7
19 29
17 3
19 2
12 23
12 5
6 13
8 16
----------
10 4
1 19
29 18
6
29 25
27 7
16 29
11 10
8 3
26 4
28 2
29 2
4 20
19 20
----------
10 5
1 8
28 24
6
3 7
14 23
22 8
7 7
15 6
26 9
6 11
24 17
4 24
16 17
----------
10 6
2 5
26 17
6
25 25
15 26
3 28
5 5
17 21
2 16
8 27
26 28
4 5
25 23
----------
10 7
3 10
28 17
6
25 14
26 10
20 19
5 22
18 11
19 21
16 9
11 5
11 0
28 13
----------
10 8
3 0
26 7
6
12 19
20 9
8 0
13 27
15 9
21 15
21 26
20 3
26 6
7 23
----------
10 9
2 22
29 19
6
15 27
23 29
20 3
7 4
22 3
25 25
29 24
13 23
21 16
25 11
----------
10 10
2 17
25 18
6
9 27
6 18
3 26
6 0
10 28
6 11
6 6
22 11
7 23
13 2
----------
10 11
2 10
29 24
9
29 9
4 25
13 29
3 27
23 25
16 1
22 16
22 21
3 1
12 15
----------
10 12
1 7
27 12
6
13 19
7 10
5 4
7 2
5 8
7 26
22 0
24 11
11 3
2 27
----------
10 13
3 28
28 11
6
4 17
21 0
13 17
19 19
3 9
26 4
27 13
15 23
27 15
18 21
----------
10 14
1 25
27 4
6
7 12
21 2
2 19
21 4
21 15
6 5
17 13
25 20
21 1
25 12
----------
10 15
1 22
27 27
9
11 26
22 28
27 21
2 15
4 17
19 10
20 7
5 26
7 6
21 13
----------
10 16
0 6
25 6
4
0 10
2 19
12 19
11 22
24 24
16 23
4 5
2 29
22 12
0 19
----------
10 17
3 19
27 28
9
8 15
11 21
11 19
21 29
19 16
13 24
15 18
22 5
7 13
3 15
----------
10 18
4 12
25 3
4
23 1
18 26
5 21
11 9
20 4
24 21
16 8
14 19
25 10
13 15
----------
10 19
1 1
25 18
9
9 24
25 28
14 12
11 26
7 15
9 23
21 14
4 14
17 28
14 29
----------
10 20
4 2
27 23
6
27 8
5 15
7 15
5 0
27 23
27 7
19 29
17 19
4 7
4 27